89392254639
79139735120
79139726884
79236835751
79139885845
79139625867
79236811433
79658751225
79083164408
79136628045
79081069188
79835630452
79087911811
79026778722
79139880704
79831139919
79503305500
79037272755
79514286178
79913801543
79136710507
79088050781
79069901119
79502198155
79620535401
79831139919
79136835002
79503344126
79136516232
79081000546
79081000546
79087934636
79087934636
79050988666
79234584051
79059445285
79136294250
79045822829
79045822829
79095377587
79039272066
79083174104
79502100245
79043263814
79236991022
79059408650
79609805240
79514229577
79681009724
79131411777
79136012241
79069902162
79609831550
79835650315
79381221418
79136835002
79136768225
79039272288
79503361844
79043291470
79026778722
79087980425
79083103687
79836258588
79236756755
79069912980
79088046141
79136157980
79835648401
79824249915
79831139919
79136204484
79088082705
79136484945
79136645483
79509507700
79165047800
79039275546
79136456028
79043284107
79136183550
79100572261
79045829698
79507916849
79136300443
79136841378
79081072426
79081087422
79061975075
79083113720
79509569777
79836225921
79236851515
79131413159
79139696664
79503332703
79045877225
79088072016
79620422909
79139888129
79507871811
79131475339
79503359899
79039800545
79059231719
79659854771
89088015731
79045890957
79088036635
79081039073
79081039073
79333017808
79131567735
79136490041
79048249996
79040711940
79026778722
79026778722
89963677512
79043286627
79139654444
79507955539
79609947007
79236779077
79609947007
79039254193
79659814643
79083100303
79039053777
79533933347
79139693055
79059445285
79994585492
79659855577
79620584575
79139661628
79514286178
79040735088
79514018612
79139634017
79039809676
79139610026
79083186627
79514033885
79831171020
79620346137
79088046141
79136236130
79835283629
79088053695
89980547118
79045868791
79501347816
79963943009
79514284351
79131498417
79136702818
79139633437
79139625867
79136102686
79136102686
79136230308
79514176939
79533993065
79609960931
79509529749
79502198155
79006719764
79045880857
79139789743
79835279877
79048259338
79039272534
79059445285
79045807839
79088062298
79139643471
79238252343
79236794813
79087919797
79236758744
79136493365
79218599641
79040756715
89040756715
79507856385
79609862058
79043250194
89206056851
79048265995
79831124885
79083130907
79087913096
79039272288
79503372499
79509595301
79620328155
79059448500
79131434849
79083173736
79095378033
79087979132
79059445285
79835652168
79136465882
79045804561
79658756565
79136754311
79659770340
79136032222
89136032222
79620438474
79050962624
79136148013
79088007654
79136609097
79026730967
79136516859
79514145689
79039271655
